52 0.48671875 0.321875 0.1296875 0.1703125
46 0.13515625 0.33515625 0.05859375 0.1046875
46 0.85625 0.6890625 0.0703125 0.0921875
12 0.76015625 0.290625 0.071875 0.090625
42 0.58125 0.0890625 0.18359375 0.17734375
3 0.8609375 0.41015625 0.15546875 0.2
12 0.63671875 0.415625 0.059375 0.075
30 0.35546875 0.41015625 0.0859375 0.07421875
33 0.41875 0.565625 0.04765625 0.08125
33 0.67109375 0.5703125 0.1109375 0.0875
35 0.5390625 0.70390625 0.16171875 0.40390625
30 0.25703125 0.73828125 0.10234375 0.06875