0 0.9109375 0.53515625 0.15703125 0.153125
34 0.66640625 0.4125 0.3921875 0.29296875
31 0.5234375 0.22578125 0.0734375 0.10625
51 0.403125 0.28203125 0.11953125 0.09453125
32 0.7578125 0.65546875 0.14140625 0.12890625
5 0.45390625 0.73125 0.209375 0.10234375
56 0.32734375 0.63203125 0.03828125 0.03984375
7 0.1765625 0.725 0.0453125 0.06640625
40 0.2046875 0.50390625 0.0703125 0.0984375
53 0.4125 0.5265625 0.26953125 0.07578125
13 0.025 0.5640625 0.05 0.10859375
60 0.17109375 0.3328125 0.159375 0.090625
38 0.27734375 0.37109375 0.06171875 0.05234375