53 0.56640625 0.234375 0.2578125 0.12265625
40 0.27734375 0.25859375 0.16328125 0.06015625
7 0.28984375 0.3796875 0.09296875 0.07578125
31 0.1171875 0.45625 0.17890625 0.084375
0 0.2515625 0.54765625 0.1390625 0.1890625
43 0.34921875 0.61953125 0.11640625 0.078125
38 0.57890625 0.5421875 0.053125 0.07578125
14 0.715625 0.5875 0.15546875 0.103125
5 0.69921875 0.7078125 0.190625 0.128125
56 0.52890625 0.68125 0.0640625 0.05
51 0.390625 0.73125 0.14765625 0.09765625
32 0.17890625 0.77265625 0.16484375 0.16171875
13 0.5328125 0.86015625 0.14453125 0.06875
45 0.56484375 0.359375 0.07109375 0.07421875
60 0.7078125 0.346875 0.1734375 0.04609375
34 0.71640625 0.47109375 0.5671875 0.23828125