3 0.23125 0.1453125 0.15390625 0.20625
35 0.59140625 0.146875 0.27734375 0.2734375
33 0.43828125 0.18515625 0.08984375 0.07578125
33 0.4421875 0.30625 0.0734375 0.10234375
12 0.3703125 0.328125 0.07421875 0.0875
12 0.20234375 0.28515625 0.05390625 0.08671875
42 0.18203125 0.53671875 0.25625 0.2953125
52 0.41640625 0.48828125 0.1453125 0.190625
30 0.5734375 0.3546875 0.05546875 0.1125
30 0.8203125 0.4796875 0.1 0.11953125
46 0.95625 0.75703125 0.08515625 0.11796875
46 0.753125 0.8984375 0.0984375 0.1125