3 0.37109375 0.28515625 0.140625 0.1953125
46 0.496875 0.12890625 0.0484375 0.06640625
46 0.78671875 0.88671875 0.05390625 0.0625
30 0.8515625 0.61484375 0.0703125 0.0875
30 0.6796875 0.50546875 0.0421875 0.08515625
33 0.56328125 0.34140625 0.09296875 0.07890625
33 0.5734375 0.4796875 0.0390625 0.065625
12 0.51796875 0.4828125 0.0546875 0.0796875
12 0.3796875 0.44296875 0.05390625 0.06640625
35 0.6859375 0.29296875 0.2296875 0.30625
52 0.56484375 0.62265625 0.1109375 0.15234375
42 0.409375 0.64609375 0.18515625 0.21640625