34 0.55703125 0.2546875 0.334375 0.503125
32 0.82421875 0.453125 0.19375 0.09609375
5 0.78671875 0.6375 0.14296875 0.17578125
53 0.55234375 0.5546875 0.28984375 0.13125
31 0.29609375 0.32734375 0.146875 0.12578125
51 0.1953125 0.4359375 0.1875 0.11875
38 0.25234375 0.55390625 0.1 0.11171875
40 0.3890625 0.6765625 0.171875 0.115625
56 0.61796875 0.696875 0.075 0.05703125
0 0.65390625 0.84921875 0.2515625 0.11484375
13 0.32578125 0.84765625 0.165625 0.12890625
7 0.16015625 0.79375 0.09453125 0.0953125