34 0.4078125 0.30859375 0.62421875 0.353125
0 0.54765625 0.4859375 0.20625 0.11953125
32 0.66484375 0.5859375 0.1984375 0.12421875
60 0.8140625 0.56640625 0.0875 0.12421875
14 0.925 0.4359375 0.15 0.08125
51 0.734375 0.4453125 0.12890625 0.08984375
13 0.8109375 0.67734375 0.096875 0.0890625
56 0.72734375 0.76953125 0.05390625 0.04765625
31 0.5359375 0.79453125 0.1109375 0.09375
7 0.33671875 0.80234375 0.09765625 0.05390625
38 0.4796875 0.64609375 0.0921875 0.04921875
43 0.403125 0.59140625 0.0765625 0.08828125
5 0.28828125 0.5765625 0.128125 0.16796875
53 0.20234375 0.675 0.32421875 0.115625
45 0.890625 0.53671875 0.0625 0.07734375