34 0.21796875 0.46328125 0.43515625 0.36015625
0 0.14140625 0.23046875 0.18671875 0.15390625
32 0.3015625 0.16875 0.10859375 0.18046875
5 0.5390625 0.14609375 0.190625 0.1515625
7 0.74609375 0.240625 0.0734375 0.09375
56 0.61015625 0.290625 0.0515625 0.07578125
53 0.51484375 0.38671875 0.2515625 0.2
40 0.68515625 0.4765625 0.07890625 0.16953125
13 0.8515625 0.45 0.07421875 0.15859375
60 0.67109375 0.728125 0.18515625 0.11875
38 0.578125 0.6328125 0.08125 0.0875
51 0.43359375 0.71484375 0.1203125 0.190625
31 0.29296875 0.7765625 0.084375 0.20703125