42 0.32109375 0.18046875 0.1890625 0.26484375
52 0.39375 0.39453125 0.12578125 0.18359375
46 0.46953125 0.265625 0.0484375 0.06171875
46 0.86953125 0.58359375 0.06484375 0.06796875
33 0.65546875 0.44921875 0.07890625 0.12421875
12 0.5625 0.36171875 0.06171875 0.090625
12 0.6015625 0.1328125 0.0546875 0.08125
3 0.72265625 0.18828125 0.12890625 0.22265625
30 0.3390625 0.56640625 0.0859375 0.0796875
33 0.47421875 0.634375 0.05390625 0.0828125
35 0.63046875 0.6515625 0.27734375 0.365625
30 0.415625 0.9234375 0.0875 0.1140625