39 0.44375 0.32265625 0.0375 0.0609375
39 0.659375 0.5625 0.07109375 0.0578125
39 0.8125 0.29140625 0.05078125 0.0515625
39 0.5453125 0.80703125 0.0703125 0.10703125
39 0.52109375 0.9390625 0.084375 0.1078125
24 0.31171875 0.47578125 0.16953125 0.17578125
24 0.5703125 0.321875 0.1375 0.1828125
36 0.49921875 0.44765625 0.16953125 0.090625
36 0.78828125 0.41640625 0.16875 0.0890625
36 0.50625 0.62578125 0.2 0.109375
54 0.68046875 0.23671875 0.15390625 0.1875
20 0.5296875 0.16953125 0.109375 0.11953125
20 0.40546875 0.2296875 0.14453125 0.13125