42 0.2421875 0.31640625 0.16875 0.1828125
12 0.35546875 0.1828125 0.05 0.05859375
12 0.3921875 0.3171875 0.05078125 0.0578125
33 0.41953125 0.3515625 0.05546875 0.078125
33 0.50546875 0.2734375 0.0546875 0.1078125
3 0.43671875 0.096875 0.10859375 0.17109375
35 0.5953125 0.353125 0.13515625 0.31953125
52 0.33203125 0.44296875 0.09609375 0.12421875
30 0.4625 0.48203125 0.06484375 0.08515625
30 0.48828125 0.74140625 0.05546875 0.10390625
46 0.265625 0.8515625 0.07421875 0.0453125
46 0.40078125 0.9546875 0.065625 0.08671875