34 0.678125 0.26015625 0.48203125 0.51875
0 0.5390625 0.3984375 0.18671875 0.21875
51 0.6609375 0.61171875 0.12265625 0.196875
14 0.78046875 0.875 0.1671875 0.25
45 0.609375 0.8953125 0.084375 0.1515625
13 0.409375 0.85 0.134375 0.15859375
56 0.27265625 0.7640625 0.0765625 0.11953125
32 0.46953125 0.59921875 0.12109375 0.25078125
60 0.540625 0.77890625 0.1671875 0.103125
40 0.3421875 0.52890625 0.1 0.12265625
31 0.21328125 0.53671875 0.109375 0.115625
7 0.1796875 0.34375 0.05625 0.11796875
38 0.36015625 0.41484375 0.0484375 0.10234375
43 0.390625 0.31328125 0.10546875 0.0703125
5 0.38984375 0.2046875 0.16875 0.12578125
53 0.28125 0.18671875 0.11484375 0.27109375