43 0.490625 0.80859375 0.08359375 0.0453125
60 0.78359375 0.88359375 0.11953125 0.09140625
53 0.2375 0.7515625 0.12421875 0.25703125
40 0.19921875 0.20859375 0.1 0.078125
31 0.1890625 0.52734375 0.0984375 0.06328125
34 0.3859375 0.44453125 0.275 0.33671875
7 0.36640625 0.703125 0.05 0.06328125
45 0.378125 0.80546875 0.0546875 0.07734375
56 0.46484375 0.69140625 0.03046875 0.04140625
14 0.5328125 0.69453125 0.1171875 0.08828125
32 0.6390625 0.56953125 0.0703125 0.1796875
13 0.75234375 0.7 0.10390625 0.03046875
51 0.78515625 0.565625 0.078125 0.11953125
0 0.484375 0.15390625 0.10859375 0.2078125
38 0.7375 0.8046875 0.0359375 0.07578125