34 0.403125 0.41953125 0.32109375 0.25390625
45 0.58984375 0.2625 0.12421875 0.09609375
14 0.1328125 0.34453125 0.1953125 0.15625
32 0.715625 0.4125 0.1953125 0.09375
43 0.8796875 0.6109375 0.0640625 0.0875
5 0.73828125 0.6234375 0.1265625 0.15625
56 0.609375 0.68671875 0.08125 0.04921875
7 0.671875 0.803125 0.0921875 0.05234375
40 0.428125 0.75703125 0.1484375 0.06484375
31 0.15078125 0.48046875 0.15546875 0.06484375
51 0.1984375 0.5734375 0.13515625 0.0953125
38 0.2859375 0.68359375 0.09296875 0.0828125
60 0.2203125 0.734375 0.071875 0.07578125
13 0.46171875 0.8765625 0.16171875 0.090625