54 0.31015625 0.54296875 0.14765625 0.11640625
39 0.63515625 0.6078125 0.0375 0.04609375
39 0.71328125 0.5828125 0.034375 0.04609375
39 0.68828125 0.49921875 0.04140625 0.02734375
39 0.540625 0.37890625 0.02421875 0.0375
39 0.77109375 0.35859375 0.0296875 0.02578125
42 0.62578125 0.2640625 0.11640625 0.128125
20 0.5109375 0.32578125 0.0859375 0.07109375
24 0.63515625 0.35390625 0.08203125 0.0984375
24 0.35 0.39140625 0.0703125 0.1234375
36 0.4625 0.5359375 0.0546875 0.09296875
36 0.603125 0.528125 0.10625 0.0421875
36 0.5859375 0.44453125 0.08359375 0.0484375