42 0.3140625 0.30078125 0.19140625 0.2171875
46 0.5078125 0.25859375 0.05703125 0.06953125
46 0.803125 0.72421875 0.0734375 0.05859375
52 0.74765625 0.5109375 0.12578125 0.16171875
12 0.5703125 0.37734375 0.05546875 0.07421875
12 0.67421875 0.17890625 0.046875 0.07109375
3 0.7609375 0.2796875 0.11484375 0.2125
30 0.3125 0.47890625 0.078125 0.06015625
30 0.32421875 0.76875 0.0828125 0.07734375
33 0.4015625 0.59140625 0.046875 0.08125
33 0.63125 0.49765625 0.08203125 0.10390625
35 0.54453125 0.67421875 0.21484375 0.37734375