34 0.64609375 0.19921875 0.346875 0.378125
7 0.4203125 0.16640625 0.075 0.09609375
45 0.325 0.18046875 0.08828125 0.1015625
56 0.42578125 0.2875 0.05390625 0.0703125
43 0.31328125 0.33515625 0.06953125 0.14140625
14 0.425 0.39921875 0.1015625 0.21875
32 0.54375 0.565625 0.21484375 0.1703125
5 0.24375 0.5125 0.215625 0.196875
13 0.41328125 0.7859375 0.08515625 0.24765625
51 0.5640625 0.85390625 0.1734375 0.2015625
38 0.2921875 0.77890625 0.09296875 0.0921875
60 0.2125 0.86171875 0.07890625 0.14296875