54 0.5671875 0.1671875 0.18671875 0.12421875
54 0.38671875 0.14140625 0.18359375 0.09609375
39 0.38984375 0.41796875 0.07890625 0.03203125
39 0.07421875 0.47421875 0.0734375 0.03046875
39 0.10703125 0.6640625 0.09296875 0.04375
39 0.284375 0.7765625 0.0765625 0.07890625
39 0.57578125 0.72890625 0.109375 0.04765625
42 0.7296875 0.42734375 0.346875 0.2140625
20 0.21171875 0.43046875 0.15234375 0.11953125
20 0.32734375 0.31875 0.1765625 0.11796875
20 0.6546875 0.29140625 0.1875 0.090625
24 0.68203125 0.1921875 0.18203125 0.10390625
24 0.53515625 0.5578125 0.23046875 0.1421875
36 0.51015625 0.359375 0.04921875 0.0953125
36 0.1984375 0.56953125 0.0921875 0.12578125