0 0.8390625 0.52578125 0.08671875 0.1765625
34 0.72265625 0.28671875 0.4109375 0.3015625
53 0.3984375 0.3328125 0.284375 0.14453125
5 0.42578125 0.56015625 0.1859375 0.146875
32 0.6328125 0.66796875 0.15859375 0.12890625
43 0.5734375 0.434375 0.12421875 0.02734375
51 0.1328125 0.4125 0.12109375 0.1046875
40 0.1578125 0.62734375 0.13984375 0.05703125
31 0.38671875 0.7328125 0.10703125 0.09765625
56 0.46171875 0.7625 0.040625 0.03125
60 0.60703125 0.80234375 0.12109375 0.11640625
14 0.8359375 0.73828125 0.17265625 0.08125
38 0.59609375 0.5140625 0.0421875 0.0703125
7 0.26875 0.45390625 0.05078125 0.0609375