0 0.44296875 0.66953125 0.0703125 0.2640625
5 0.2515625 0.3234375 0.09296875 0.19140625
40 0.3078125 0.534375 0.05703125 0.12578125
51 0.3375 0.09453125 0.084375 0.09921875
34 0.48671875 0.29453125 0.23984375 0.29296875
53 0.69296875 0.1953125 0.18671875 0.16015625
32 0.75 0.36875 0.08515625 0.17578125
43 0.559375 0.5609375 0.04140625 0.12109375
60 0.66640625 0.72421875 0.1765625 0.0359375
7 0.7109375 0.85625 0.0765625 0.04921875
38 0.6515625 0.40390625 0.0203125 0.0890625
14 0.74140625 0.5359375 0.0796875 0.1859375