32 0.69140625 0.4703125 0.14453125 0.075
5 0.40078125 0.64140625 0.08671875 0.20859375
53 0.39375 0.82109375 0.22421875 0.19140625
51 0.65859375 0.259375 0.09140625 0.1078125
34 0.4328125 0.18046875 0.2765625 0.3375
0 0.53671875 0.41015625 0.103125 0.1984375
14 0.8 0.1375 0.103125 0.109375
13 0.85078125 0.50390625 0.0359375 0.12890625
45 0.8328125 0.29140625 0.05 0.071875
60 0.78046875 0.37734375 0.03671875 0.16796875
56 0.8375 0.671875 0.0375 0.05390625
40 0.66171875 0.63828125 0.08515625 0.1234375
38 0.57734375 0.640625 0.06171875 0.05859375
43 0.4953125 0.61015625 0.0265625 0.1234375
31 0.69921875 0.809375 0.06328125 0.13828125
7 0.5515625 0.9203125 0.06796875 0.06796875