14 0.45703125 0.8140625 0.17421875 0.11640625
32 0.5953125 0.8265625 0.1609375 0.134375
53 0.76875 0.72734375 0.140625 0.28984375
34 0.63828125 0.45 0.2515625 0.30859375
43 0.4171875 0.5609375 0.0796875 0.06328125
40 0.4078125 0.240625 0.0984375 0.0890625
5 0.56796875 0.134375 0.146875 0.109375
0 0.18671875 0.378125 0.109375 0.16015625
60 0.2890625 0.71328125 0.0328125 0.2375
7 0.1921875 0.775 0.0359375 0.1140625
38 0.55703125 0.68046875 0.0671875 0.03203125
51 0.7875 0.20390625 0.090625 0.12265625