0 0.39765625 0.09609375 0.17421875 0.1109375
32 0.54609375 0.14453125 0.10625 0.153125
34 0.7296875 0.3203125 0.17265625 0.19921875
34 0.33984375 0.33203125 0.33359375 0.32578125
53 0.53515625 0.484375 0.171875 0.27109375
56 0.6734375 0.4921875 0.06875 0.07578125
7 0.84375 0.5828125 0.0890625 0.09296875
40 0.5859375 0.68671875 0.12109375 0.15078125
31 0.165625 0.52578125 0.13203125 0.115625
51 0.26328125 0.60546875 0.14921875 0.16953125
38 0.3984375 0.696875 0.096875 0.075
60 0.39765625 0.83984375 0.11640625 0.1015625
13 0.7484375 0.86484375 0.17578125 0.0921875