32 0.3359375 0.16953125 0.18671875 0.1484375
31 0.73828125 0.25078125 0.1375 0.11171875
13 0.07578125 0.38828125 0.1484375 0.14375
51 0.30390625 0.33984375 0.1515625 0.13359375
43 0.46328125 0.3515625 0.090625 0.1265625
0 0.5921875 0.30234375 0.2359375 0.16484375
7 0.78359375 0.38828125 0.10546875 0.071875
40 0.93125 0.43046875 0.1140625 0.1375
56 0.30234375 0.4515625 0.0875 0.0515625
38 0.44921875 0.5453125 0.11328125 0.0484375
14 0.340625 0.6328125 0.1734375 0.09765625
5 0.1859375 0.56875 0.153125 0.171875
45 0.7171875 0.603125 0.13515625 0.059375
53 0.87421875 0.6640625 0.19609375 0.21640625
60 0.68359375 0.7265625 0.07421875 0.09453125
34 0.39921875 0.82265625 0.42265625 0.29140625