34 0.7015625 0.27265625 0.36875 0.29140625
0 0.67890625 0.54921875 0.1015625 0.06328125
53 0.37109375 0.33125 0.18828125 0.1796875
5 0.37421875 0.503125 0.1171875 0.14453125
7 0.2125 0.4546875 0.05390625 0.0578125
60 0.2671875 0.59921875 0.0375 0.13671875
31 0.16171875 0.62265625 0.0578125 0.09296875
40 0.42421875 0.63046875 0.1203125 0.05390625
56 0.36640625 0.74296875 0.03984375 0.03203125
32 0.58203125 0.64296875 0.078125 0.13359375
38 0.51171875 0.52265625 0.0359375 0.0609375
43 0.50390625 0.4484375 0.090625 0.02421875
14 0.659375 0.7125 0.075 0.06953125
51 0.78828125 0.65234375 0.109375 0.0875