51 0.7125 0.746875 0.10234375 0.09765625
0 0.7328125 0.5984375 0.1796875 0.07578125
53 0.56953125 0.26796875 0.2578125 0.1296875
34 0.86171875 0.365625 0.22578125 0.24140625
38 0.5625 0.5109375 0.0734375 0.053125
43 0.6046875 0.43671875 0.0734375 0.0578125
5 0.46484375 0.43515625 0.13359375 0.1625
60 0.2734375 0.48359375 0.13359375 0.1421875
31 0.13125 0.45078125 0.115625 0.11484375
7 0.33515625 0.30703125 0.09375 0.04921875
40 0.40625 0.58125 0.13046875 0.08828125
56 0.25078125 0.6796875 0.0578125 0.0421875
13 0.5921875 0.76640625 0.1203125 0.08515625
32 0.540625 0.6625 0.1421875 0.13828125