34 0.56875 0.1734375 0.2109375 0.34609375
32 0.79609375 0.240625 0.08359375 0.18984375
14 0.80703125 0.384375 0.07890625 0.18359375
60 0.75546875 0.553125 0.14296875 0.084375
7 0.8 0.65390625 0.078125 0.0765625
0 0.571875 0.53828125 0.1046875 0.2375
40 0.43515625 0.440625 0.0921875 0.13046875
51 0.36171875 0.21328125 0.121875 0.12421875
5 0.3578125 0.65234375 0.17734375 0.14375
53 0.43046875 0.8921875 0.24375 0.215625
43 0.6546875 0.434375 0.0796875 0.12578125
38 0.7171875 0.2859375 0.04765625 0.090625