20 0.4234375 0.31875 0.0921875 0.14453125
20 0.621875 0.25390625 0.12578125 0.1125
20 0.35546875 0.4796875 0.1328125 0.165625
39 0.26015625 0.56484375 0.07265625 0.06640625
39 0.35234375 0.796875 0.09921875 0.09375
39 0.7125 0.7921875 0.09921875 0.10546875
39 0.53046875 0.9 0.09609375 0.10390625
24 0.62421875 0.59609375 0.1828125 0.17734375
54 0.62734375 0.13515625 0.109375 0.14296875
54 0.37890625 0.0875 0.1328125 0.13984375
54 0.53125 0.10234375 0.11875 0.15859375
42 0.72578125 0.4109375 0.24296875 0.2421875
36 0.54140625 0.35234375 0.0515625 0.13125
39 0.4765625 0.44296875 0.0609375 0.04296875
36 0.39375 0.66015625 0.1296875 0.17265625