3 0.83671875 0.63515625 0.1671875 0.1984375
46 0.15 0.31015625 0.0421875 0.05234375
46 0.2578125 0.17265625 0.03671875 0.06953125
30 0.25546875 0.47734375 0.06015625 0.06328125
30 0.45078125 0.5203125 0.03828125 0.08125
33 0.5671875 0.5125 0.03125 0.0453125
33 0.609375 0.6546875 0.0765625 0.05
12 0.621875 0.4765625 0.0390625 0.06953125
12 0.7921875 0.4703125 0.04609375 0.0640625
35 0.49453125 0.74296875 0.26015625 0.27578125
52 0.54765625 0.35390625 0.096875 0.13046875
42 0.7046875 0.253125 0.18515625 0.25078125