34 0.3953125 0.284375 0.36015625 0.5328125
45 0.5921875 0.225 0.10859375 0.1015625
32 0.7421875 0.38046875 0.19375 0.13203125
0 0.846875 0.45625 0.228125 0.11328125
5 0.79453125 0.61328125 0.15625 0.19140625
43 0.9328125 0.5984375 0.0671875 0.1078125
7 0.740625 0.81015625 0.11875 0.10390625
56 0.65 0.690625 0.1015625 0.0765625
53 0.528125 0.6140625 0.16328125 0.2328125
40 0.45 0.78046875 0.18359375 0.10390625
13 0.5109375 0.9203125 0.18125 0.09921875
60 0.225 0.778125 0.12890625 0.1484375
38 0.29453125 0.69375 0.09375 0.09765625
51 0.1921875 0.58515625 0.1625 0.13046875
31 0.1265625 0.46875 0.1796875 0.1171875
14 0.103125 0.3265625 0.1796875 0.15703125