12 0.56328125 0.64375 0.05390625 0.040625
12 0.58359375 0.52265625 0.06875 0.0421875
35 0.18828125 0.63671875 0.340625 0.22734375
42 0.85390625 0.5 0.228125 0.1375
52 0.28203125 0.275 0.134375 0.10390625
3 0.66015625 0.23671875 0.140625 0.12734375
46 0.49296875 0.21484375 0.05390625 0.05625
46 0.4453125 0.67734375 0.05078125 0.04375
33 0.365625 0.5078125 0.11640625 0.03046875
33 0.5203125 0.39453125 0.0421875 0.03671875
30 0.6765625 0.41328125 0.059375 0.06328125
30 0.7796875 0.715625 0.084375 0.04609375