42 0.203125 0.28515625 0.19453125 0.24375
39 0.34375 0.12109375 0.0453125 0.046875
39 0.6859375 0.23984375 0.04140625 0.05390625
39 0.5859375 0.2609375 0.03203125 0.0703125
39 0.7328125 0.334375 0.05390625 0.04375
39 0.3984375 0.46015625 0.0515625 0.05078125
24 0.50859375 0.78203125 0.1546875 0.190625
24 0.40078125 0.29921875 0.12265625 0.153125
36 0.51875 0.3921875 0.0921875 0.146875
36 0.64765625 0.3671875 0.028125 0.1546875
36 0.6890625 0.5578125 0.12734375 0.125
20 0.29765625 0.50078125 0.159375 0.16796875
54 0.7625 0.78984375 0.14921875 0.28828125