30 0.24296875 0.3171875 0.0671875 0.09765625
30 0.45234375 0.25703125 0.04921875 0.08125
33 0.38046875 0.32890625 0.0625 0.1109375
33 0.5109375 0.5453125 0.08828125 0.10078125
12 0.58203125 0.434375 0.06640625 0.10078125
12 0.81953125 0.49921875 0.06953125 0.10546875
3 0.72421875 0.57421875 0.1421875 0.25390625
46 0.67265625 0.36328125 0.0609375 0.06484375
46 0.365625 0.80546875 0.0625 0.1140625
35 0.3546875 0.4890625 0.28828125 0.29140625
52 0.56640625 0.28515625 0.1203125 0.146875
42 0.71171875 0.21328125 0.1859375 0.17265625