32 0.23828125 0.159375 0.1125 0.09140625
53 0.184375 0.48984375 0.0734375 0.2203125
34 0.33984375 0.32421875 0.21875 0.24921875
51 0.51171875 0.4546875 0.090625 0.09765625
60 0.4890625 0.1109375 0.11484375 0.04453125
40 0.55234375 0.265625 0.05859375 0.0984375
31 0.6328125 0.4234375 0.07734375 0.096875
14 0.63828125 0.29609375 0.11328125 0.078125
7 0.7609375 0.35859375 0.02578125 0.075
38 0.73671875 0.4734375 0.025 0.075
43 0.84453125 0.603125 0.059375 0.0890625
45 0.4953125 0.6203125 0.05703125 0.07265625
0 0.378125 0.809375 0.1640625 0.18671875
5 0.55234375 0.73125 0.10078125 0.2171875
56 0.7140625 0.81171875 0.04375 0.06953125
13 0.71875 0.6515625 0.0953125 0.146875