54 0.3 0.3671875 0.16328125 0.19375
20 0.1890625 0.58828125 0.16796875 0.1609375
20 0.29375 0.7640625 0.1875 0.203125
39 0.8734375 0.47421875 0.06875 0.06328125
39 0.8078125 0.4671875 0.05625 0.05859375
39 0.61796875 0.3890625 0.04140625 0.06484375
39 0.32265625 0.2328125 0.04765625 0.0421875
39 0.41484375 0.6671875 0.0671875 0.05859375
36 0.47265625 0.278125 0.0609375 0.1625
36 0.5546875 0.55234375 0.12109375 0.17109375
36 0.703125 0.52109375 0.05625 0.1859375
24 0.62734375 0.7703125 0.1765625 0.196875
24 0.41875 0.50390625 0.14921875 0.17109375