52 0.08984375 0.52109375 0.12109375 0.15
46 0.54453125 0.25546875 0.05 0.06171875
46 0.57421875 0.79375 0.04765625 0.05703125
42 0.2515625 0.44765625 0.20078125 0.2734375
3 0.3953125 0.615625 0.10390625 0.14296875
35 0.55234375 0.646875 0.25 0.34375
33 0.35625 0.34453125 0.03671875 0.06015625
33 0.7140625 0.48984375 0.05234375 0.1203125
30 0.6796875 0.7421875 0.0453125 0.09453125
30 0.90234375 0.33828125 0.06015625 0.0875
12 0.70234375 0.63828125 0.046875 0.06484375
12 0.4328125 0.46171875 0.04921875 0.0765625