33 0.11484375 0.515625 0.1640625 0.13359375
33 0.36484375 0.10390625 0.04296875 0.1234375
12 0.5921875 0.5734375 0.11015625 0.121875
12 0.315625 0.1 0.04765625 0.06640625
35 0.26875 0.19921875 0.25 0.17109375
42 0.45625 0.13828125 0.1296875 0.25078125
3 0.575 0.2328125 0.11171875 0.32578125
46 0.66875 0.29765625 0.0578125 0.09453125
46 0.21171875 0.3375 0.0640625 0.0765625
52 0.43359375 0.46875 0.18984375 0.1984375
30 0.66171875 0.7421875 0.1546875 0.1625
30 0.28828125 0.07734375 0.04296875 0.05703125