42 0.13984375 0.52734375 0.2453125 0.309375
39 0.18203125 0.19609375 0.040625 0.06796875
24 0.34140625 0.3875 0.09296875 0.1859375
24 0.64765625 0.84453125 0.13125 0.134375
54 0.85546875 0.690625 0.15234375 0.2453125
20 0.346875 0.684375 0.1265625 0.16484375
39 0.4140625 0.56796875 0.0453125 0.059375
39 0.509375 0.2234375 0.03359375 0.06328125
39 0.60859375 0.1421875 0.05 0.04296875
39 0.6859375 0.22421875 0.0421875 0.0625
36 0.61640625 0.3125 0.053125 0.1578125
36 0.5 0.403125 0.1140625 0.128125
36 0.7265625 0.49921875 0.08515625 0.14609375