39 0.1171875 0.140625 0.075 0.046875
39 0.06171875 0.29140625 0.0671875 0.078125
39 0.26015625 0.08515625 0.03671875 0.05078125
39 0.42578125 0.27578125 0.05546875 0.0796875
39 0.44609375 0.084375 0.04375 0.0390625
36 0.31640625 0.13359375 0.15234375 0.0359375
36 0.47265625 0.3796875 0.153125 0.10546875
36 0.70625 0.3390625 0.1296875 0.1578125
24 0.20234375 0.271875 0.19375 0.15
24 0.696875 0.67734375 0.15078125 0.2640625
54 0.91015625 0.35 0.159375 0.26015625
54 0.82421875 0.57421875 0.23671875 0.32109375
42 0.259375 0.48984375 0.3 0.32890625
20 0.571875 0.2421875 0.17109375 0.20546875
20 0.52734375 0.54453125 0.19765625 0.22890625
20 0.45078125 0.15078125 0.11796875 0.0859375