52 0.371875 0.15703125 0.153125 0.115625
35 0.11953125 0.5515625 0.2390625 0.5078125
33 0.37890625 0.3546875 0.12890625 0.13671875
33 0.5390625 0.2671875 0.0734375 0.1203125
12 0.61171875 0.3515625 0.09296875 0.084375
12 0.59765625 0.4828125 0.08125 0.125
46 0.4625 0.4421875 0.05 0.08984375
46 0.42578125 0.5640625 0.075 0.10234375
30 0.93671875 0.6515625 0.1265625 0.1578125
30 0.68984375 0.26953125 0.07109375 0.08984375
3 0.7734375 0.16875 0.20625 0.121875
42 0.90703125 0.31015625 0.1859375 0.3109375