42 0.6671875 0.2546875 0.19921875 0.25703125
3 0.825 0.634375 0.221875 0.259375
35 0.3765625 0.7375 0.31875 0.33203125
46 0.12109375 0.29765625 0.03515625 0.0484375
46 0.2484375 0.2046875 0.0421875 0.0609375
30 0.1734375 0.434375 0.0578125 0.0609375
30 0.36953125 0.4890625 0.0359375 0.08046875
33 0.53046875 0.63828125 0.09296875 0.06875
33 0.49375 0.4640625 0.05 0.09453125
12 0.56328125 0.4515625 0.05078125 0.0734375
12 0.76171875 0.45703125 0.05234375 0.06640625
52 0.490625 0.34140625 0.11015625 0.1359375