35 0.5296875 0.86640625 0.36796875 0.2671875
52 0.15546875 0.46875 0.1203125 0.14296875
3 0.3671875 0.1515625 0.12109375 0.16953125
42 0.58359375 0.17734375 0.1828125 0.240625
30 0.4375 0.28359375 0.05078125 0.0703125
30 0.759375 0.34921875 0.04140625 0.08046875
12 0.5296875 0.39609375 0.04140625 0.075
12 0.621875 0.46875 0.04453125 0.08125
33 0.3765625 0.390625 0.0875 0.0625
33 0.45625 0.56328125 0.06953125 0.13046875
46 0.5296875 0.5453125 0.06328125 0.04375
46 0.61875 0.6140625 0.0578125 0.05625