39 0.36484375 0.19453125 0.04140625 0.06640625
39 0.20859375 0.30859375 0.03203125 0.0734375
39 0.146875 0.45 0.04375 0.0703125
39 0.1890625 0.628125 0.0328125 0.08125
39 0.4390625 0.42734375 0.02734375 0.06640625
36 0.28828125 0.33515625 0.11484375 0.1203125
36 0.6578125 0.37109375 0.109375 0.1265625
36 0.50703125 0.51484375 0.13515625 0.06015625
20 0.40703125 0.2890625 0.12734375 0.13828125
20 0.53359375 0.36640625 0.1140625 0.153125
20 0.58984375 0.62578125 0.1203125 0.14453125
24 0.30390625 0.571875 0.11796875 0.17421875
24 0.7171875 0.653125 0.11484375 0.19375
54 0.81328125 0.3140625 0.16796875 0.22109375
54 0.7796875 0.521875 0.16640625 0.19375
42 0.434375 0.7125 0.2046875 0.303125