14 0.17578125 0.2453125 0.1625 0.146875
34 0.4265625 0.359375 0.32421875 0.296875
45 0.68359375 0.2390625 0.1421875 0.10546875
32 0.75078125 0.3921875 0.23203125 0.11640625
0 0.84140625 0.48359375 0.26953125 0.0984375
43 0.903125 0.65625 0.10546875 0.1359375
5 0.73828125 0.63046875 0.16171875 0.1828125
53 0.484375 0.57890625 0.2359375 0.215625
56 0.57890625 0.67734375 0.11953125 0.0671875
7 0.63359375 0.809375 0.134375 0.07890625
40 0.3703125 0.7125 0.1515625 0.08671875
38 0.24296875 0.609375 0.0875 0.09140625
60 0.15078125 0.665625 0.09296875 0.1
51 0.19140625 0.4796875 0.1609375 0.115625
31 0.165625 0.37109375 0.19453125 0.1
13 0.36640625 0.86015625 0.165625 0.1421875