12 0.59921875 0.484375 0.053125 0.05390625
12 0.71015625 0.57734375 0.0578125 0.04140625
30 0.92265625 0.4953125 0.059375 0.0703125
30 0.53984375 0.35234375 0.0640625 0.06796875
52 0.15078125 0.475 0.14765625 0.11015625
35 0.52109375 0.81015625 0.3703125 0.17109375
3 0.48125 0.17890625 0.20703125 0.1859375
42 0.76953125 0.296875 0.259375 0.21171875
33 0.4375 0.44453125 0.1109375 0.0609375
33 0.49609375 0.61328125 0.0671875 0.0859375
46 0.58359375 0.60625 0.0734375 0.04609375
46 0.66328125 0.6703125 0.05625 0.04296875