39 0.50859375 0.14765625 0.05390625 0.046875
39 0.60078125 0.17578125 0.03671875 0.06875
39 0.4453125 0.253125 0.04296875 0.06015625
39 0.1375 0.3828125 0.03828125 0.06484375
39 0.46171875 0.596875 0.04296875 0.0734375
36 0.56953125 0.2859375 0.10390625 0.12890625
36 0.50390625 0.40859375 0.11875 0.09765625
36 0.71171875 0.3875 0.078125 0.17265625
42 0.1859375 0.690625 0.25 0.32421875
20 0.4390625 0.7359375 0.13828125 0.1890625
24 0.3625 0.47578125 0.10390625 0.21640625
54 0.88515625 0.478125 0.18984375 0.240625
24 0.75703125 0.71484375 0.14609375 0.17890625