39 0.128125 0.29375 0.06953125 0.06015625
39 0.2484375 0.21015625 0.0328125 0.05859375
39 0.4203125 0.18046875 0.0296875 0.0453125
39 0.10625 0.45390625 0.0515625 0.078125
39 0.43203125 0.384375 0.03828125 0.075
36 0.303125 0.25859375 0.13828125 0.06875
36 0.671875 0.4203125 0.1078125 0.15
36 0.48984375 0.4859375 0.153125 0.0828125
24 0.2375 0.4453125 0.165625 0.1609375
24 0.7 0.71484375 0.11171875 0.225
20 0.43359375 0.25234375 0.109375 0.09765625
20 0.54453125 0.346875 0.12109375 0.15
20 0.55546875 0.62421875 0.15703125 0.196875
42 0.34375 0.64296875 0.2265625 0.2828125
54 0.85078125 0.42265625 0.1640625 0.18046875
54 0.7890625 0.59765625 0.171875 0.1953125