36 0.67734375 0.309375 0.13359375 0.1265625
36 0.54140625 0.484375 0.1703125 0.06328125
36 0.246875 0.3421875 0.1359375 0.1265625
20 0.53984375 0.31171875 0.13359375 0.1484375
20 0.3921875 0.28203125 0.14921875 0.1125
20 0.67109375 0.59375 0.15078125 0.2046875
54 0.8359375 0.21796875 0.12734375 0.240625
54 0.853125 0.4296875 0.22578125 0.20859375
24 0.2734375 0.58828125 0.159375 0.2390625
24 0.83359375 0.5859375 0.18125 0.22109375
39 0.06640625 0.496875 0.06953125 0.08984375
39 0.15 0.32890625 0.04296875 0.071875
39 0.32734375 0.2 0.04140625 0.06875
39 0.440625 0.40546875 0.0453125 0.071875
39 0.1234375 0.69765625 0.0515625 0.09921875
42 0.48125 0.73515625 0.2625 0.36640625