3 0.2984375 0.21875 0.10625 0.24921875
52 0.27421875 0.68359375 0.1296875 0.17578125
30 0.425 0.34375 0.07265625 0.0875
30 0.734375 0.2640625 0.0578125 0.09765625
33 0.4171875 0.5046875 0.08984375 0.078125
33 0.54375 0.63984375 0.09765625 0.0875
12 0.55234375 0.43203125 0.0625 0.08984375
12 0.653125 0.47734375 0.05625 0.0734375
46 0.5953125 0.578125 0.06015625 0.0453125
46 0.6828125 0.60234375 0.06640625 0.06171875
42 0.528125 0.15390625 0.18359375 0.24921875
35 0.68125 0.83515625 0.27421875 0.25078125