35 0.6015625 0.54375 0.28671875 0.37734375
3 0.40546875 0.13125 0.07109375 0.25859375
42 0.3625 0.40703125 0.2390625 0.2375
33 0.43125 0.5765625 0.04140625 0.1109375
33 0.76171875 0.24765625 0.0625 0.078125
30 0.4734375 0.9 0.06953125 0.14296875
12 0.4703125 0.7171875 0.05859375 0.09296875
46 0.68203125 0.378125 0.03515625 0.07265625
52 0.56640625 0.1375 0.10078125 0.109375
46 0.3109375 0.1765625 0.0625 0.06328125
12 0.5125 0.05546875 0.06953125 0.06875
30 0.53515625 0.0234375 0.06484375 0.046875