46 0.4375 0.20703125 0.05859375 0.05859375
46 0.43046875 0.6625 0.0578125 0.06875
33 0.59375 0.69375 0.08671875 0.146875
42 0.27109375 0.39140625 0.1765625 0.19375
46 0.4359375 0.2046875 0.05859375 0.071875
3 0.4421875 0.30078125 0.12734375 0.14296875
12 0.66328125 0.325 0.05546875 0.08984375
30 0.73984375 0.3125 0.06875 0.09765625
33 0.18203125 0.5265625 0.06953125 0.046875
12 0.13984375 0.60078125 0.06875 0.075
30 0.06796875 0.64453125 0.084375 0.06875
52 0.58671875 0.45078125 0.1125 0.17265625