46 0.4484375 0.73359375 0.04453125 0.04765625
46 0.50234375 0.271875 0.05625 0.053125
3 0.6703125 0.3046875 0.14765625 0.1140625
42 0.85546875 0.56015625 0.23125 0.1390625
35 0.1953125 0.69375 0.33828125 0.23125
52 0.29375 0.3296875 0.13125 0.1015625
30 0.77890625 0.77265625 0.08515625 0.05
30 0.68203125 0.47265625 0.06171875 0.06171875
33 0.37265625 0.565625 0.11796875 0.03046875
33 0.52890625 0.4546875 0.0453125 0.03359375
12 0.590625 0.58203125 0.071875 0.04375
12 0.56953125 0.69921875 0.05546875 0.04296875