20 0.3328125 0.70078125 0.14375 0.18515625
20 0.4828125 0.7859375 0.1171875 0.15234375
39 0.5375 0.66484375 0.04453125 0.06328125
39 0.2890625 0.30625 0.034375 0.0625
36 0.4421875 0.26328125 0.05859375 0.1453125
39 0.6125 0.31484375 0.03671875 0.0640625
39 0.78671875 0.3046875 0.04296875 0.06875
39 0.84609375 0.27890625 0.04921875 0.0453125
36 0.7234375 0.3984375 0.06328125 0.16015625
36 0.61328125 0.496875 0.115625 0.12578125
54 0.3390625 0.47421875 0.11015625 0.215625
24 0.48984375 0.5234375 0.10390625 0.1890625
24 0.72734375 0.640625 0.14375 0.121875